b e c n w b:e b:c b:n b:w e:c e:n e:w c:n c:w n:w b:e:c b:e:n b:e:w b:c:n b:c:w b:n:w e:c:n e:c:w e:n:w c:n:w b:e:c:n b:e:c:w b:e:n:w b:c:n:w e:c:n:w
4302634.3369882 1573231.4725118 1697602.4170754 1601011.0016451 1442293.7964954 71377.5889798 80967.0103102 58666.2241686 60061.6513885 339608.5378765 204326.5143069 148150.0811406 185427.2459516 134900.9270468 414009.4186232 63382.2307937 32360.2614917 31832.5048543 33400.6252457 32141.4391148 57349.7954160 163841.1802503 125976.8124745 221006.4358065 185357.9181955 88668.1387500 83077.4126072 104179.8637130 93838.7500288 1670980.9469643
4310698.6812204 1572039.9408946 1695208.2756192 1601624.9463504 1440597.6393693 72162.6936452 81075.2597407 58357.4038900 59481.0150811 339705.4600094 204423.6087279 147866.8972762 184501.7097903 135526.4331971 414854.8406360 63407.5131453 32967.7542508 31642.7335282 33325.6638623 31958.4076442 57964.8793641 163750.9726513 126105.1720272 221056.3340043 186262.8369842 89271.5184838 82734.8426281 104990.2933812 94609.6501765 1677762.8137756
4300777.4176527 1572737.3517828 1697218.9617214 1604177.3029215 1442619.8736908 72123.4091973 81455.8450399 58296.2310120 59959.3448389 340640.7812458 205567.3907800 148822.9193864 185799.0190330 135951.8060617 413494.0242809 63727.9319759 33277.7900622 31947.7716194 33781.3858609 32375.1181889 57186.4764662 164985.0672592 126632.9212368 221751.6533911 186291.9922906 90819.2606114 83046.2237523 104223.5283398 94062.6344135 1668370.2747392
4293090.8957089 1572223.6024854 1696981.2329610 1603676.8808854 1445657.2754404 70913.6239337 80009.2737175 59178.3197398 59447.6171672 339690.2563026 205215.8935737 148997.4182947 185619.2831771 136176.7626319 415624.8894556 63513.9343390 32824.0675166 31751.9179480 33662.9220506 32037.3865913 57482.2004758 164644.5459542 127025.2908778 220123.0466309 184995.2920128 90172.1346443 83054.7793596 104079.2008348 94112.9168951 1664301.0334761
4304316.2292785 1572802.7723519 1696719.4419663 1601817.5793920 1441004.5145668 71674.5676243 80663.1582202 57971.4399932 59721.6210665 340012.3177827 204072.8763706 148548.5900810 184322.3936277 135509.1867908 414314.1766516 63457.0852139 32380.5485633 31422.5268328 33195.4945369 31577.6241168 57267.0885898 163756.9758129 126353.7987122 220768.3420549 185804.8638213 89470.0932511 82536.1544653 104323.9116706 93816.7186251 1673201.4642475
4307137.1437965 1574402.7827591 1695929.9776680 1599996.5702154 1441576.8975267 71764.2611634 80914.9400330 58118.3687412 60002.2603727 339763.0376544 204551.7032405 148055.3713412 185005.0503459 135800.5115208 415394.2696670 63229.2476587 32973.7164562 31808.1164649 33513.3862294 32081.0638420 58296.7682813 163594.8558108 125727.2679471 220813.2391593 186623.6111915 89453.1955524 82770.3725944 104504.7877508 94532.1531889 1674400.6569650
4302053.1832638 1573546.1607375 1696680.2935874 1601813.0570957 1442983.8758188 71109.6336212 80056.7825153 57830.6362291 59536.9250244 339559.1449427 204360.2527379 148188.3578912 184899.5866684 135368.8186352 414789.7189244 62860.6829585 32521.9262096 31548.3856788 32814.5810393 31735.5252561 56847.1744343 163589.5215055 125975.0054455 220377.9118629 185499.8142805 89085.0004885 82298.4591842 103305.9210278 93360.9823152 1667697.9283444
4298433.0252542 1573514.5315308 1697446.0294678 1600260.1244483 1442534.4232268 71093.8077798 80020.4417240 58209.9834820 60101.9929859 339386.4782235 204109.0041163 148384.7886131 184146.1230120 135464.4053227 414202.6421793 63076.2479304 32803.7902731 31506.4077923 33420.6476043 31740.3363423 57775.7528531 163397.2199474 125671.4388311 220516.2427691 185567.1432601 89351.2217390 81660.1599681 104450.2722320 94185.3510404 1673866.4197131
4298601.5963464 1574257.5284603 1697295.3211456 1602352.7211070 1444530.8072231 72057.5524645 80729.2923361 58367.2316942 60108.0395834 340911.3860913 205256.8777379 147325.1619591 184546.9832734 135814.9185160 416110.3308306 63478.8949069 32855.4325345 31706.1920858 32954.5317725 32101.3643958 57764.0896626 165397.3326380 126465.7520757 220712.7784393 186521.5108381 90065.4703057 82784.8314850 104768.7643974 94584.7356933 1664644.3579956
4298196.2386546 1573848.0868244 1696205.7016365 1602005.3704940 1443295.3247303 71289.0268915 79624.0651373 57838.3087664 59635.7295286 340098.1152065 205142.0753403 147919.5397096 184838.1391082 136031.6988726 413163.2299154 62673.5640135 32700.3355453 31521.6321310 33223.9390430 32077.7044339 58248.3537122 164292.2237767 125501.0880534 219281.0081125 185901.9055146 89982.4751499 82755.6596046 104414.4303125 95042.5052019 1667018.9374908
4309692.8429035 1574533.1858945 1697500.2270780 1600436.8493929 1440570.8533947 71446.3409826 80361.9079035 58444.1557744 59846.3660223 341268.6940025 204555.5865859 147753.2610654 184617.3763104 135009.7726652 415248.8751755 63278.5670662 32492.7978291 31563.5378561 32975.1200314 31896.0676747 58124.0279782 164513.7437715 126243.2883514 220857.0322657 185782.2365891 89296.7064480 82264.7245547 104511.4984585 94281.2794297 1674666.9306483
4292121.1298209 1573921.7198987 1697909.6692641 1602012.4495753 1441055.8144372 71946.7804393 80908.5235338 58040.0244147 59913.0420585 340853.2395330 204907.3259875 147828.8801673 184973.5777716 135591.5438780 414408.2352324 63134.9128765 32773.2844142 31975.2294969 32979.0754369 32071.7209980 58172.2936357 163971.7155536 126274.3505075 221518.6400031 185941.4066758 88758.3870550 83315.4634589 105156.5147013 94415.4303180 1665501.5688345
4302783.0430420 1573262.8073023 1696258.1159531 1602388.5029348 1441276.2198672 70590.3957552 79821.3255210 58218.8029800 60465.9112904 340202.5201147 204588.1363350 148199.4973985 184802.5710844 135897.1910111 413247.6837746 62388.7344693 32458.6887325 31505.3563864 32939.8054153 31772.0126785 57428.9371615 164786.8599466 126264.7442549 219897.4719904 184977.2760094 89148.4218155 81793.4302508 103731.4973921 93429.8389466 1668195.0467198
4308484.6103361 1572490.3982004 1696472.1772706 1598873.9867055 1440485.9437508 72092.8102313 81200.9442537 58247.3862421 59505.9984415 340573.7108237 203983.0882232 148145.7061145 184811.6744689 135919.7856830 415349.3334605 63195.8163537 32735.7543778 31851.0442648 33209.0498494 31932.0446156 58098.9135246 164054.4312043 126350.6623751 222052.5167337 187328.0524462 89212.9341199 83151.8833592 105226.1825433 94798.9006084 1674578.6242583
4305223.6565193 1574422.3354351 1696507.1232695 1602030.2316534 1443513.7677387 72243.6112748 80748.5930772 58707.7379953 60381.6600152 339928.7331606 205086.7317930 148685.4370586 185358.6844563 136317.8443632 415189.5784784 63424.1247423 33120.7482615 31891.7396251 33553.4251196 32219.1622623 57928.6461636 164231.1561807 126663.7424159 220774.2685390 186329.3419942 90768.9057734 83408.3146882 104499.7010091 94723.1407965 1673977.6287390
4294188.2685774 1575223.8423847 1697916.4961282 1602150.9620654 1441431.4450142 71270.4719962 80226.4654950 58264.5177809 60333.5751871 340318.7921762 204618.7402473 148207.5846783 184644.0227499 135902.5498484 416511.9358589 63703.4659810 32883.0637823 31800.1570186 33183.0382885 32087.5864869 58350.9809038 163849.9837188 126284.6205911 221216.7945292 186560.6650072 89688.7251900 82758.0675390 105033.1436619 94808.7952602 1664337.1007912
4298511.3659447 1571313.5525903 1694505.0159777 1603675.2187111 1442919.7681334 70965.4519977 80549.7129925 58295.7855084 59264.4165542 338698.4839519 204972.7133389 148289.9101594 184699.0390530 135872.1329461 413520.2560138 63287.5893346 33022.9918137 31477.3482288 33494.8293497 32042.2435504 57162.6406481 163266.0760187 126363.2806627 219783.7753378 184853.1852300 90009.3399049 83418.3258212 103807.1628149 93647.3513849 1668795.8508274
4293320.2324513 1574883.3204662 1698130.7729881 1601863.2528229 1442034.1061457 70793.6790834 79806.0524554 57657.0430764 59123.6103949 339402.0757940 204218.3213766 147963.2970210 184104.7465024 135291.9227674 414797.0646233 62349.0114396 32522.3182750 31425.5696994 32725.4652201 31777.9984149 57182.6949077 162598.5222063 125799.8337704 220320.1903158 185995.9364729 88891.8052646 82876.4342034 104191.6236151 93668.3667191 1662054.5676541
4296142.5651919 1576431.0418146 1696715.4060641 1603855.8725281 1445748.5737277 71041.0276814 79765.4452934 58721.8904134 60061.9572899 341016.7004550 204889.5079148 148171.8482745 185016.2672430 136181.9589217 413921.5943509 62300.6703762 33103.8811912 31533.5377786 33392.9398246 32224.6771672 57641.5409910 164189.3624907 126817.3337471 219190.1346671 185133.6784990 90267.2044762 83248.7723767 104394.5643250 94655.1183597 1667963.5729126
4306670.1820624 1573552.2477628 1696613.3510362 1599429.5639082 1440560.6637741 71801.9981663 81178.7222738 58548.7348238 59678.8687583 338937.8799465 204746.8822001 148222.0623675 183977.2768249 135736.1829055 413239.9181089 62936.4814737 32989.0448715 31422.4846534 33347.4968764 32322.3562046 57646.5843648 163542.7472408 126272.2872230 221307.7785225 185966.2692880 89705.1180183 82901.9928477 104505.7878137 94007.1992410 1674567.2489267
4296613.0196203 1572796.5655638 1697461.3402983 1602079.7790735 1442926.0014753 71874.1864549 81103.2298388 58824.6881431 59967.5816192 339476.8200514 205253.6411744 148785.6305508 185058.0368668 135879.8015304 414853.3942985 63603.8459729 33085.7842457 31795.4809173 33399.1593108 32001.2829211 57350.0117430 164523.1097395 126320.2915585 221004.4261238 186216.0056133 89716.8120715 82913.5265049 104774.1248207 93656.3650129 1662102.8689667
4304398.6336378 1571618.3099451 1696400.3562007 1601698.2831971 1440412.9272974 71317.8453018 80466.7423627 57715.1628023 58792.0629283 339714.2498976 203765.3430832 147519.6236032 184186.4796866 135105.6664959 414259.5845930 63245.0633131 32235.1465272 31489.2996411 32789.1143868 31554.9335189 56893.8397635 162910.2897609 126255.8532817 221076.6400893 185814.0963115 89315.3240695 82560.7881329 103869.0152489 93294.8476961 1674677.7964611
4294574.3560070 1575512.2541741 1697775.8112021 1601905.0472255 1444581.9918261 71610.4335420 79969.8342462 58247.3329137 59360.4484219 339329.3864020 204943.5293173 148158.3830200 184427.4822300 136054.6696619 414315.6018546 62820.1125473 33148.1916868 31221.6276221 33497.6153973 31876.6602410 56885.9985798 163792.5249295 126260.5925674 220188.6915033 186723.3505527 91059.5728935 82894.5789694 104041.2005967 94373.9068966 1667366.6197355
4306681.9405426 1574186.4717460 1696708.4683239 1599011.1539281 1441585.3837069 70826.6218556 80756.9749160 58070.2905137 59676.9759062 339544.6365590 203920.7352673 147795.2404908 183963.9727318 135224.7669751 415669.1307164 63291.4417336 32797.5184925 31034.5497271 33517.3903981 31785.4911969 57353.8092431 162994.5523552 125169.1976825 221413.6847052 185224.7443768 90876.1874640 82133.9350304 103796.7041960 94425.9674235 1674468.4353250
4301164.8250692 1573119.5554532 1696228.8432463 1601930.1453992 1441844.2546133 71730.9153319 80281.0983229 58918.5037805 60449.8633563 339315.8612142 205030.7106665 149324.9657517 185441.1333856 136215.7200016 415571.5235734 63301.3144802 33122.8790251 32038.9923616 33950.7615862 32331.2706244 57825.4169618 164277.5452240 127012.7777165 221040.9776245 186481.3071990 90332.7726341 83215.0041409 104673.6698713 94714.2036217 1668591.9182763
4306708.8319120 1571411.9835579 1696740.4784964 1600012.9621733 1440715.1861204 70960.9183460 80075.9436499 57496.4801371 59287.7665484 338511.2775828 204233.2590378 147281.1971028 184337.3666830 135376.2343263 414415.6565664 62817.5308148 32747.4589029 31700.7359761 32710.1813758 32019.8265976 56703.5652354 163612.7968500 125365.9481526 220619.9358044 185767.9635855 90096.8001120 82398.2787066 104484.9979995 93794.4716830 1677522.3895440
4300994.9750281 1572794.1042585 1697071.3380924 1601197.6887781 1438079.8693355 70440.3097238 79762.7624244 58311.7456846 59149.3801890 339635.2770434 203896.5995726 147784.0673276 184324.6088016 135433.0428516 414085.1041860 62576.3098014 32281.7153750 31413.5008820 32789.2715616 31576.4155489 57598.7159664 162984.7698288 126392.4769828 219794.8256139 185230.2850662 88626.0779371 82193.7001967 103678.9696276 93287.4278025 1676684.1540486
4302704.9036186 1571920.3661960 1697152.4078204 1601363.2271986 1441320.7081770 71717.3523548 80539.3953573 57973.8762301 59668.0221689 338587.2899593 204525.3180036 148195.4016873 184950.6902703 135685.2862841 414512.4824663 63269.5126201 32715.2021479 31703.5202225 32926.9320431 31790.9091863 56841.4976657 163850.3555478 125685.6321374 221698.4216996 186532.4970696 88936.7610248 82013.1665053 104600.8827406 93194.5939326 1669449.2593667
4294257.5160072 1572753.2640679 1697977.1103756 1600646.2317587 1440810.0455349 71811.7727454 80311.9825790 58425.0120567 59578.4629569 338414.2010828 204538.2988539 148049.6550365 185076.5410707 135976.9295503 414814.1964086 63422.3896882 33021.0524065 31925.5199667 33245.9982633 32011.1843776 57304.5277334 162899.4777813 125756.2418100 220453.2059553 186261.0864901 89117.5449001 82726.6103378 104896.3239555 94031.9522331 1667667.2187707
4291982.0167529 1574326.8725207 1697288.4380444 1603701.1335350 1441557.7204653 71322.3492926 80274.5605085 58122.4571632 58989.2756221 339985.0617905 204700.3057516 147901.8549857 185081.9426591 135648.4004194 413635.7734393 63164.7537984 32845.3436632 31646.8987592 32979.1214567 31880.7838915 57606.1727931 163346.3611656 126232.5353016 219796.1804249 185143.4426503 90171.0130710 83220.4946013 104140.7157556 93966.4438345 1667137.3658174
4309193.8263435 1571445.3366615 1695400.8482366 1597737.6128695 1440268.1224350 70308.0498472 79190.8762850 57701.3228664 59580.9769492 339298.1565697 204378.0171739 147315.0131876 184213.7177351 134980.2246850 414454.9097125 62632.7197694 32623.1267249 31202.8936361 32941.6832718 31817.0874176 57859.3957151 163876.9503170 125255.1481306 219874.1088722 184848.8672293 90082.4796646 81657.2251320 104019.4688839 93855.5102399 1680057.8712369
4300272.7288588 1574274.6534777 1697478.4518633 1601930.0215584 1443210.2870667 70942.1123187 79929.7707548 58198.6201125 58933.1234328 339459.3855672 204070.8246925 148093.1738924 184679.4969492 135796.0617211 414321.0179254 62731.9612457 32807.9735919 31235.1845465 33086.2848623 31653.3471498 56820.3889831 163263.4402824 126514.1648104 220355.7516772 185719.2039203 89825.8751502 82038.4448568 103861.9891464 93608.7557538 1672175.2532178
4291713.2033700 1574003.3244725 1697936.9157581 1600326.3948660 1445088.3970830 71602.8645897 80760.1720720 58680.0689412 61017.2231396 341029.1727956 205593.7849170 147939.4089558 185256.3396107 135968.5138223 416216.9316694 63265.5869672 32990.0549448 31638.3882040 33288.4518829 32148.2179963 58034.1703207 166259.9371192 126582.2992548 220900.4348778 185896.4450765 89792.1498859 82347.9067695 104271.9386175 94767.6397198 1665501.1914938
4303660.5648101 1573597.8287050 1696286.7504613 1603129.7776897 1443172.9095157 71798.2430321 80543.2750047 58662.5739551 60412.2554540 340325.8484653 204156.1578214 148647.8530942 185104.1242084 136054.7224924 414145.7423593 63397.8552736 33445.6323518 31869.0453144 33979.2852248 32015.6021097 58173.2284525 164133.5924486 126248.8145666 220986.0225362 186103.4702031 91699.8570013 82668.8626976 104758.8433785 94449.6964292 1671290.4457673
4303296.9501527 1572866.6403058 1696567.6694729 1602489.1885396 1442290.9511480 70518.8385578 80045.5636670 58928.1245469 59685.7644812 340062.6491042 204317.1518423 148355.7965429 184476.9072978 135812.3272363 412695.5189844 62405.9271018 32734.9688355 31251.6458515 33373.7165984 31860.8072495 57692.7592073 164424.4355390 126716.0218230 220147.0025577 184422.8270840 90320.2081593 82255.9637272 104309.5867366 94020.0496962 1674266.4002074
4294204.4403266 1573799.7446403 1697497.9448974 1602580.6083955 1445922.7238240 71680.7435910 80320.2915065 57786.0860364 60243.6093396 339615.7489112 205336.2360984 148217.5559483 185053.0237796 135948.3724377 415361.8277709 63458.8230850 32801.8842365 31701.6501432 33402.9197738 32185.2339842 57689.9633860 164298.8217008 125823.9076967 219734.4203816 185807.6877810 89863.4319945 82429.9361066 104714.8371412 94948.3052750 1662208.1548417
4302080.1544099 1572020.0328090 1695175.9265863 1601538.6578619 1443697.1538200 71111.0413804 79979.1829250 57598.9202922 59624.3308136 340472.5709971 203828.1349179 147011.9226739 184260.3688745 135273.1021345 414347.2312772 62711.4325428 32177.7242504 31301.7542781 32820.1758299 31576.0760434 57138.3929853 163961.6901617 125531.6334319 219606.2213401 185720.6245286 88644.6822457 81914.9741385 103838.2470785 93298.9081636 1667056.2213672
4300285.9384631 1572334.9871259 1697407.0021874 1603573.2886267 1442034.7014735 71076.2635010 80596.6561406 58837.1811642 60635.1130938 339324.5331863 204265.1829298 148569.6430040 184556.9955198 135592.6501680 413922.0448269 63438.0148808 32759.2627712 31456.1819061 33496.1107473 32085.3690520 57375.8791761 164081.4978815 126806.4603491 220781.5355441 184862.4539496 90616.4457526 83025.4582143 104196.1970575 93760.9663459 1665187.2430474
4298098.6782043 1574558.6950765 1698448.3894859 1600168.9749956 1442839.4242115 71224.0096770 80555.7473748 58307.1255043 59448.0432972 339751.9266101 204860.4933271 148696.4598071 184873.3989773 135516.7299955 412944.4560067 62764.4764070 32636.0566415 31430.9913095 33247.7096782 32007.0679075 57757.0107228 164015.8937451 126413.5567697 221246.0439802 185569.5842265 90056.2593661 82390.0695256 104389.8071355 94636.3959772 1665696.2992449
4308916.7967972 1571797.3772942 1696195.3736311 1602930.7296521 1442693.9937255 71259.9756126 80367.3098836 57859.6144120 58815.2949920 338572.3636482 204908.0105828 147646.7898107 184848.3828965 135847.5407637 413929.3921274 63058.0738685 32533.7370661 31456.6297425 32921.1822751 31793.5850578 56876.8913112 163009.9594171 125681.1630815 220223.8353230 185400.2569920 89829.0803642 83076.2080495 103757.7112050 93258.6720859 1675030.1435071
4303111.9014345 1573994.4481104 1697579.1677876 1600300.7733110 1441493.0063835 71902.0089501 80344.3841002 59005.8245747 60261.4310223 340008.5097526 204785.2075450 148469.1155960 185045.1868763 136615.3412004 415593.4258868 62628.5986625 33274.0117915 31974.9528376 33310.0782331 32013.7555302 58212.8622206 164242.0026605 127068.7925273 221717.4268318 186750.4247450 89227.3064428 82079.8550863 105258.4031399 94372.4208154 1675466.9604143
4299799.4823173 1573199.9528655 1696629.5828490 1600763.5014509 1441507.1743820 71138.7787744 80345.1940453 58953.3835943 58825.6041402 339812.4511377 204265.7438116 148221.8058205 184162.7858169 135785.4912636 414467.0868281 62722.5083560 32981.7795334 31292.5668169 33622.6680996 31964.4587948 57416.8901240 162866.2295003 127125.5220170 220405.8976688 186073.9163707 89905.5856447 82839.5351108 104120.0353842 94605.0305058 1667953.4210174
4301277.6709237 1574132.7815396 1698130.7082208 1602734.8487339 1440785.7565844 71208.3884136 80576.3542686 58311.8301950 60014.5438578 340369.5297953 205273.0362329 148597.6124660 185329.6083529 135601.8820077 414150.3404865 63089.5229964 32812.9352448 31664.4000684 33355.9866137 32305.3187074 58011.4063589 164557.1476121 125854.9003935 221234.2692382 185036.1701165 89890.8793530 83032.6701261 104666.0390074 94836.7333646 1672329.2755908
4300906.4319734 1571305.1896566 1696122.2849373 1603399.6685627 1443015.5089910 71801.4092803 80362.5309958 58259.5085084 60188.0978779 338708.0224672 204584.6382882 148114.5499220 184726.9589245 136072.5407715 414538.7385699 63035.8860949 33033.6666257 31547.8789952 33091.1304137 31718.5225686 57160.1772104 163553.3666975 126106.0696965 220773.4523088 186336.7534367 90825.4750472 82865.5977545 103901.8735779 93442.3909795 1669608.8225542
4304345.3930652 1571765.4679428 1695905.4957895 1601967.4484529 1443745.6243477 70586.8302437 79835.8779405 57714.2447765 59728.7358783 339169.4574842 203940.9042037 147803.8995411 184379.0776591 135370.0741010 412948.4126022 62668.2913638 32543.1951566 31434.9421795 33128.4394628 31605.3535963 57481.2191503 163973.9418401 125546.7252331 219734.3591666 184535.1600921 89581.6692521 82203.9443697 104489.5349212 93927.7449656 1671442.7497284
4305908.2634060 1575136.5377560 1697993.3629036 1601510.4908121 1438633.1675234 71990.1343434 80141.3568881 58271.3396844 59158.5422160 340477.3299691 204215.2387304 147770.8604538 184624.0055651 135711.6201682 414886.2645180 62758.9223174 32805.3867678 31333.1650402 33007.4736923 31738.7012127 57689.3933644 162812.7180955 126051.1652523 220398.6206908 186683.7879441 89249.6569150 81873.5869610 104066.9890627 94357.1716916 1672819.3705462
4303588.1933583 1573639.4725382 1696086.0633783 1602655.0712449 1443766.3470578 71208.1538909 79896.1231402 58799.2382409 59319.5387258 339500.5331050 204877.2321779 148576.0124223 185240.6088819 135662.5094194 413699.5133740 62644.7085210 32881.0133164 31499.0400880 33347.9654029 31856.5479979 57560.0102067 163155.8101335 126506.9912783 219733.3857595 185246.3402998 89063.5456802 82609.5737848 104034.4335259 93887.6865234 1671238.8820615
4309186.3715572 1573045.7677171 1695177.3185367 1600599.1427000 1441932.7770893 71462.7151285 79936.9267671 58315.6812580 59859.8786790 339324.9724132 205526.2110720 147589.7576118 185480.1031313 135940.3016552 412160.0329628 62557.6139818 32845.9441177 31734.1713613 33140.6958633 32134.8320575 57676.0787935 164911.5613494 126005.2988976 219542.8690029 185886.4737477 89663.9312398 82462.8731271 104413.1417188 94157.5656645 1677827.8288002
4297940.9563687 1574829.3011776 1696735.7899826 1602560.6929386 1444756.8900102 71254.3439111 80228.6109358 58206.4444538 58191.2909210 339829.7994277 204934.3907345 148446.7588269 184480.8483065 136262.3640268 415413.5177312 63438.9542391 33147.0058646 31035.8227574 33583.8210216 31460.6281648 56949.8287642 162663.2499672 126024.3158104 220331.0656521 185923.2256249 90631.1407823 81823.2066650 103785.1573883 93347.0188941 1664698.7816163
4292343.8853229 1573992.0784619 1697376.5643774 1602640.8281194 1442084.3775735 70877.6544367 79955.0562595 57612.7415741 59563.7187808 340149.7253202 204454.7350178 147933.5953760 184419.9537653 135610.3096863 414660.9817030 63104.9439474 32833.3199310 31558.7910706 33277.5926512 32237.1156640 57710.5455038 163485.7232390 125477.8531052 219751.7059790 185593.2606939 89990.2941989 82613.1541893 104371.7675871 94765.0692330 1667048.1978919
